10
10
-9740 
-9209 
5784 
-7021 
-9690 
112 
120 
6862 
2581 
-9614 
6058 
-2251 
9825 
-3637 
6051 
-1702 
-6872 
-8113 
530 
548 
-4523 
6661 
-2303 
-3131 
5104 
-463 
5504 
-851 
8646 
-6279 
4604 
-4616 
6061 
2340 
2045 
-9219 
-5309 
6550 
-7770 
-7801 
5570 
4011 
-5257 
-3334 
8494 
-9235 
3192 
3263 
8461 
-9947 
6928 
6826 
-4410 
-1253 
7394 
-9565 
4427 
9732 
4680 
7181 
-2235 
5469 
-3193 
9964 
3009 
-1640 
-9120 
-5280 
6826 
-9453 
-972 
-8671 
-5363 
3582 
6277 
-585 
-5679 
5652 
-3913 
413 
3264 
-3276 
3524 
2180 
-4010 
-140 
8718 
7567 
1574 
8852 
6171 
3574 
-1427 
174 
1294 
-20 
-4737 
-2651 
-3769 
-5934 
